1.0
1.0
1.0
1.0
1.0
1.0
1.0
1.0
1.0
1.0
1.0
1.0
1.0
1.0
1.0
1.0
1.0
1.0
1.0
1.0
1.0
1.0
1.0
1.0
1.0
1.0
1.0
1.0
1.0
1.0
1.0
1.0
1.0
1.0
1.0
1.0
1.0
1.0
1.0
1.0
1.0
1.0
1.0
1.0
1.0
1.0
1.0
1.0
1.0
1.0
1.0
1.0
1.0
1.0
1.0
1.0
1.0
1.0
1.0
1.0
1.0
1.0
1.0
1.0
1.0
1.0
1.0
1.0
1.0
1.0
1.0
1.0
1.0
1.0
1.0
1.0
1.0
1.03
1.081
1.1467
1.22269
1.305883
1.3941180999999998
1.4858826699999998
1.580117869
1.6760825083
1.77325775581
1.8712804290669998
1.9698963003468997
2.0689274102428294
2.1682491871699807
2.2677744310189865
2.3674421017132907
2.4672094711993036
2.5670466298395125
2.6669326408876586
2.766852848621361
2.8667969940349525
2.9667578958244665
3.0667305270771266
3.1667113689539885
3.266697958267792
3.366688570787454
3.466681999551218
3.5666773996858527
3.666674179780097
3.766671925846068
3.8666703480922475
3.9666692436645734
4.066668470565202
4.166667929395641
4.2666675505769485
4.366667285403864
4.466667099782704
4.566666969847893
4.666666878893525
4.766666815225467
4.866666770657827
4.966666739460479
5.066666717622335
5.166666702335634
5.266666691634944
5.366666684144461
5.466666678901122
5.566666675230785
5.666666672661549
5.766666670863083
5.836666669604158
6.085666668722911
6.459966668106038
6.921976667674226
7.245383667371957
7.7117685671603695
8.278237997012258
8.914766597908582
9.600336618536007
10.320235632975205
